  0        0 4.3
  1    10000 1.7
  2    20000 2.7
  3    30000 4.0
  4    40000 1.0
  5    50000 10.0
  6    60000 3.0
  7    70000 3.3
  8    80000 4.7
  9    90000 2.0
 10   100000 4.0
 11   110000 6.3
 12   120000 2.0
 13   130000 4.0
 14   140000 3.0
 15   150000 5.0
 16   160000 4.3
 17   170000 8.0
 18   180000 5.3
 19   190000 3.3
 20   200000 5.3
 21   210000 5.0
 22   220000 6.7
 23   230000 6.0
 24   240000 6.7
 25   250000 4.0
 26   260000 3.3
 27   270000 3.3
 28   280000 2.3
 29   290000 5.0
 30   300000 5.7
 31   310000 5.3
 32   320000 8.3
 33   330000 5.7
 34   340000 3.3
 35   350000 9.0
 36   360000 5.3
 37   370000 5.7
 38   380000 5.7
 39   390000 2.3
 40   400000 6.3
 41   410000 5.0
 42   420000 7.0
 43   430000 8.3
 44   440000 10.0
 45   450000 10.0
 46   460000 9.0
 47   470000 9.3
 48   480000 8.3
 49   490000 12.0
 50   500000 11.0
 51   510000 4.7
 52   520000 5.3
 53   530000 12.3
 54   540000 8.7
 55   550000 8.0
 56   560000 13.7
 57   570000 11.3
 58   580000 11.7
 59   590000 6.3
 60   600000 11.3
 61   610000 17.0
 62   620000 14.7
 63   630000 10.3
 64   640000 14.3
 65   650000 13.7
 66   660000 9.0
 67   670000 21.3
 68   680000 9.7
 69   690000 16.7
 70   700000 17.3
 71   710000 18.3
 72   720000 19.0
 73   730000 17.7
 74   740000 10.7
 75   750000 19.7
 76   760000 11.7
 77   770000 24.0
 78   780000 20.7
 79   790000 13.0
 80   800000 20.0
 81   810000 22.3
 82   820000 20.0
 83   830000 19.0
 84   840000 26.7
 85   850000 25.3
 86   860000 18.0
 87   870000 20.3
 88   880000 22.0
 89   890000 26.7
 90   900000 29.7
 91   910000 26.7
 92   920000 26.3
 93   930000 24.3
 94   940000 35.7
 95   950000 33.3
 96   960000 28.0
 97   970000 28.0
 98   980000 33.3
 99   990000 26.7
100  1000000 30.3
101  1010000 41.3
102  1020000 33.3
103  1030000 38.3
104  1040000 31.7
105  1050000 38.3
106  1060000 31.7
107  1070000 38.0
108  1080000 34.0
109  1090000 41.7
110  1100000 39.0
111  1110000 33.7
112  1120000 52.0
113  1130000 32.7
114  1140000 41.0
115  1150000 40.3
116  1160000 52.7
117  1170000 61.0
118  1180000 36.7
119  1190000 46.3
120  1200000 41.3
121  1210000 48.0
122  1220000 41.0
123  1230000 43.0
124  1240000 37.0
125  1250000 40.3
126  1260000 44.7
127  1270000 34.3
128  1280000 66.7
129  1290000 34.0
130  1300000 36.3
131  1310000 32.7
132  1320000 37.0
133  1330000 43.0
134  1340000 50.0
135  1350000 31.7
136  1360000 62.0
137  1370000 47.3
138  1380000 38.7
139  1390000 41.7
140  1400000 63.3
141  1410000 51.0
142  1420000 52.0
143  1430000 44.7
144  1440000 57.7
145  1450000 62.0
146  1460000 33.7
147  1470000 92.7
148  1480000 58.7
149  1490000 52.7
150  1500000 34.3
151  1510000 40.0
152  1520000 25.3
153  1530000 31.7
154  1540000 46.0
155  1550000 52.3
156  1560000 53.3
157  1570000 36.3
158  1580000 72.3
159  1590000 28.0
160  1600000 48.7
161  1610000 40.0
162  1620000 39.3
163  1630000 50.0
164  1640000 50.3
165  1650000 64.3
166  1660000 43.0
167  1670000 43.7
168  1680000 41.7
169  1690000 63.3
170  1700000 39.7
171  1710000 50.7
172  1720000 57.3
173  1730000 56.7
174  1740000 50.3
175  1750000 58.3
176  1760000 63.7
177  1770000 52.3
178  1780000 35.3
179  1790000 53.0
180  1800000 64.0
181  1810000 60.7
182  1820000 48.3
183  1830000 48.0
184  1840000 46.0
185  1850000 60.0
186  1860000 61.3
187  1870000 52.0
188  1880000 51.3
189  1890000 60.0
190  1900000 71.3
191  1910000 37.7
192  1920000 36.7
193  1930000 122.7
194  1940000 39.7
195  1950000 56.0
196  1960000 51.0
197  1970000 119.3
198  1980000 46.3
199  1990000 30.3
