  0        0 4.3
  1    10000 1.7
  2    20000 2.7
  3    30000 2.3
  4    40000 3.0
  5    50000 6.3
  6    60000 2.0
  7    70000 3.7
  8    80000 6.7
  9    90000 3.3
 10   100000 2.7
 11   110000 5.0
 12   120000 2.7
 13   130000 8.3
 14   140000 4.0
 15   150000 5.7
 16   160000 3.0
 17   170000 5.3
 18   180000 4.3
 19   190000 3.3
 20   200000 9.3
 21   210000 5.7
 22   220000 8.3
 23   230000 6.3
 24   240000 10.3
 25   250000 4.0
 26   260000 7.7
 27   270000 3.3
 28   280000 5.7
 29   290000 1.7
 30   300000 3.0
 31   310000 3.0
 32   320000 10.3
 33   330000 7.7
 34   340000 4.0
 35   350000 5.7
 36   360000 5.7
 37   370000 7.0
 38   380000 6.0
 39   390000 8.7
 40   400000 4.7
 41   410000 3.3
 42   420000 6.3
 43   430000 5.0
 44   440000 8.3
 45   450000 9.3
 46   460000 8.3
 47   470000 4.3
 48   480000 5.0
 49   490000 10.7
 50   500000 7.0
 51   510000 6.3
 52   520000 8.7
 53   530000 10.0
 54   540000 10.7
 55   550000 15.0
 56   560000 16.3
 57   570000 10.3
 58   580000 14.3
 59   590000 12.3
 60   600000 13.3
 61   610000 14.7
 62   620000 16.0
 63   630000 16.0
 64   640000 7.0
 65   650000 14.7
 66   660000 18.0
 67   670000 10.7
 68   680000 9.3
 69   690000 19.7
 70   700000 9.0
 71   710000 14.7
 72   720000 12.0
 73   730000 20.0
 74   740000 18.7
 75   750000 18.0
 76   760000 23.7
 77   770000 21.3
 78   780000 22.7
 79   790000 14.7
 80   800000 22.0
 81   810000 19.3
 82   820000 26.3
 83   830000 24.7
 84   840000 19.3
 85   850000 26.3
 86   860000 32.7
 87   870000 24.0
 88   880000 21.3
 89   890000 27.0
 90   900000 21.7
 91   910000 20.0
 92   920000 26.3
 93   930000 32.3
 94   940000 31.0
 95   950000 31.7
 96   960000 31.0
 97   970000 22.7
 98   980000 27.3
 99   990000 29.3
100  1000000 32.0
101  1010000 32.7
102  1020000 36.0
103  1030000 30.0
104  1040000 32.3
105  1050000 27.7
106  1060000 36.7
107  1070000 29.7
108  1080000 40.7
109  1090000 38.7
110  1100000 42.7
111  1110000 33.3
112  1120000 36.7
113  1130000 28.7
114  1140000 34.0
115  1150000 28.0
116  1160000 28.7
117  1170000 44.0
118  1180000 33.3
119  1190000 31.3
120  1200000 39.3
121  1210000 42.0
122  1220000 32.3
123  1230000 50.3
124  1240000 46.7
125  1250000 35.0
126  1260000 40.7
127  1270000 41.0
128  1280000 41.3
129  1290000 41.3
130  1300000 42.7
131  1310000 41.7
132  1320000 26.7
133  1330000 42.7
134  1340000 28.3
135  1350000 43.7
136  1360000 36.0
137  1370000 54.0
138  1380000 41.0
139  1390000 50.7
140  1400000 47.0
141  1410000 54.3
142  1420000 46.0
143  1430000 39.3
144  1440000 63.3
145  1450000 57.3
146  1460000 45.0
147  1470000 45.7
148  1480000 49.0
149  1490000 36.7
150  1500000 35.7
151  1510000 43.3
152  1520000 55.3
153  1530000 53.3
154  1540000 52.0
155  1550000 50.0
156  1560000 71.7
157  1570000 47.3
158  1580000 48.3
159  1590000 49.3
160  1600000 50.3
161  1610000 58.0
162  1620000 75.3
163  1630000 66.0
164  1640000 133.7
165  1650000 39.0
166  1660000 60.7
167  1670000 45.0
168  1680000 51.7
169  1690000 38.3
170  1700000 59.3
171  1710000 57.0
172  1720000 67.0
173  1730000 52.7
174  1740000 69.3
175  1750000 75.0
176  1760000 46.7
177  1770000 44.7
178  1780000 72.0
179  1790000 47.7
180  1800000 76.7
181  1810000 53.7
182  1820000 59.0
183  1830000 40.0
184  1840000 35.7
185  1850000 83.0
186  1860000 53.0
187  1870000 41.3
188  1880000 49.0
189  1890000 45.7
190  1900000 38.7
191  1910000 35.0
192  1920000 47.3
193  1930000 59.7
194  1940000 54.0
195  1950000 56.7
196  1960000 41.7
197  1970000 61.7
198  1980000 56.0
199  1990000 45.0
